-4.380570654032553968e-01
-7.948400322751054681e-01
-1.860389847527140539e+00
1.969629688644499499e+00
-1.131789521804087872e+00
-1.051574138089381716e+00
1.958341360031411238e+00
-9.212085428128840014e-01
1.093455561710297452e+00
-1.388192789377380887e+00
-1.785939816804913871e+00
-1.234555118779816496e+00
6.717532694309200636e-01
5.652466695453681744e-01
-1.535064322299597439e+00
-1.274784243122143224e+00
9.792591640313905721e-01
-7.163876204906518552e-01
6.684019347331453531e-01
-6.206429754624012141e-01
1.628209999177762768e+00
-1.111050943540039526e-01
8.348722233603376175e-01
1.400909707779888880e+00
8.994291535430143369e-02
-1.600144455658249143e+00
6.308853835911452101e-01
1.312747011290342769e-01
-2.347470805161924190e-01
-1.460218551084254468e+00
1.500047693355103018e+00
4.423042199720663703e-01
-1.057273082851768464e-01
6.400249245209659321e-01
-8.928164300213694560e-01
-1.450883992610346063e+00
-1.595359024060871711e+00
7.522191853182409460e-01
-1.815057432957688732e+00
-3.312366938891830870e-02
3.636572197881484669e-01
-1.617836888600128198e+00
-8.293609872634126745e-01
-1.090029039979081737e+00
1.657532266655620035e+00
-1.889905618186352054e+00
5.918253018359997952e-01
1.773068201748031925e+00
3.165161095925026480e-01
1.640696470635824245e+00
1.558784863356912354e+00
-1.647157752776045481e+00
-4.360454986662900545e-01
1.925575714990555909e+00
-1.438924898841337896e+00
9.587462085367617348e-01
1.112913245318868594e+00
-1.949637918030146189e+00
-1.487043599007165540e+00
1.360621824866710572e+00
2.589784602544664693e-01
-1.772438515807739812e+00
8.499212568341540930e-02
-1.638643453380180137e+00
-1.339293482506277666e+00
1.686095560422352424e+00
1.198637879631937242e+00
-1.961155957033022812e+00
4.546236918555335293e-02
1.707988963983858355e+00
1.296777561226376996e+00
-1.374825427719962967e+00
-1.715193600930620121e+00
-1.181112964215602634e+00
-1.664123016790306497e+00
1.061743567567039470e+00
1.963063846346074115e+00
1.697675591058947830e+00
-1.838076985379649475e+00
3.474001314407959562e-01
-7.302114608266001561e-01
-1.541138038163774038e+00
3.332360987490448068e-01
7.339189501332592513e-01
-1.047248134708998357e+00
-1.288116162694460609e+00
1.146141077716684276e+00
-3.303796438579675865e-01
-1.435496039351895625e-01
-1.298939753136206576e+00
-1.350762527076048602e+00
1.940047198824326635e+00
-9.410754364902906843e-01
-1.841405213938718699e+00
1.456712683314935752e-01
-5.498939515205156781e-01
-3.621067680834180180e-01
6.073399518423738819e-01
4.433364435071833753e-01
3.172918129259238995e-01
2.565656773590712092e-01
3.673513067563951573e-01
-1.618835617851508424e-01
1.883418263958244854e+00
1.665806171537326019e+00
-2.790558668564777633e-01
6.797196619791123773e-01
1.503351585413099212e+00
-1.892183422100876644e+00
-1.631061490659296620e+00
3.757701850386578890e-01
1.438210684946334528e+00
-2.685262559578434072e-01
-7.915129474171087587e-01
1.767596430700021592e+00
-2.098602874978805488e-02
-1.469069558096046890e+00
1.811140754123190533e+00
1.424781377531314952e+00
1.064582582905607921e+00
2.965332073281068404e-01
1.277409248491792049e-01
-1.078609279431415935e+00
-5.120612839825193774e-01
2.970268030027956030e-02
1.596442732260077157e-01
-1.761252803313400950e+00
-3.749967552347550637e-01
1.880466691713306826e+00
-1.904365197369164431e+00
-1.390735217325241635e+00
1.022055474552407972e-01
1.931382966559115122e+00
9.985436268784519953e-01
1.560389415358685028e-01
1.970875963070845671e+00
-1.060819211519171912e+00
1.017556304717083027e+00
8.066418729841466906e-01
-1.889062368477112841e+00
-4.721970903957442012e-01
1.681566073467427369e+00
1.654659496492956627e+00
2.126018264589490947e-01
1.244919798542917011e+00
1.641473742453847251e-01
2.026546901712511506e-01
-1.382887559266539057e+00
-1.595069250019673479e+00
1.005602874628453769e+00
-3.726642980278591644e-01
1.324189888932167047e+00
-1.834958120431433581e+00
-2.517062931342288756e-01
-1.236661995111937529e+00
-1.909315272834951394e+00
-4.847049800958105337e-01
-8.130677088012236986e-01
6.083981494338503992e-01
4.913209823840403168e-01
-1.782755257902890467e+00
1.490008776112967226e+00
-6.976630019599499022e-01
1.996809717833736286e+00
-1.792801577194925500e+00
-1.300993849548101267e+00
-1.520516310673153626e+00
2.670294606087741940e-02
-1.235934951342460231e+00
-6.306605114456100836e-01
-3.837868516985940559e-01
1.431728820119442247e-01
5.093028785053004270e-01
8.970785926712250280e-01
1.763373055223131924e+00
1.118379473578216210e+00
-2.454350534093965308e-01
4.719739715602089269e-01
2.949042014583200810e-01
-6.334792074497301861e-01
-1.599785707630951848e-02
-1.023239228792589994e+00
-1.171523783216784409e+00
-6.879618266148801453e-02
-1.154069457939015386e+00
-5.713881136556890894e-01
1.411958337021536725e+00
-1.111111838397482732e+00
-7.385134813172480328e-01
8.662930397391974680e-01
1.403173209818950440e+00
-1.111570451552823524e+00
1.289304487673677002e+00
9.355221667852742229e-01
1.984263693203999424e+00
-3.789743213789353860e-01
7.002844205851799231e-02
-1.321076741745170757e-01
-8.679923218854161959e-01
1.350571337356582635e+00
-4.143578667908194291e-01
-1.310092190684262192e+00
1.038378399995229628e+00
1.976159509659200619e+00
-1.923981653707449890e+00
-5.371586381380542008e-01
-1.239845890833240372e+00
3.590191120936063740e-01
-1.261476238443969944e+00
-6.732632033075560685e-01
1.357069475836789163e+00
1.017005205481371188e+00
1.053160751427133057e+00
-8.903270070252311541e-02
1.996468632641502428e+00
-1.345906434022778875e+00
3.450555915434456722e-01
-1.412692615160987319e+00
1.697221443420457110e+00
1.623629080186303142e+00
-3.164138161640144276e-01
1.471095039404156868e+00
-4.619965649807418195e-01
-1.019481400246814662e+00
1.719412074508554156e+00
-1.938730409786395104e+00
-6.143153658378115445e-01
-1.663555463972231863e+00
9.080490921138117955e-01
4.814610084955206482e-01
-2.217616157089521423e-01
1.332764488149467574e+00
1.380348885920339441e-01
1.704303027600756693e+00
1.979535191995084986e+00
-1.907077725974372751e+00
-1.855890099134128945e+00
-5.964560472026843030e-01
-1.561404930328755380e+00
-1.166869271798818719e+00
5.787205803592101461e-01
-1.979780003050014336e+00
-1.769205224545715271e+00
-1.249453538870267888e+00
1.561731210667856473e+00
-1.996170668839627460e+00
-1.568941833682846454e+00
3.313618084675611364e-01
1.195975517582767989e+00
-1.968715003756464910e+00
-7.255810861441958082e-02
-5.610475632582310190e-01
-3.509699220244164586e-01
-6.558586973106685925e-01
7.462125291561361173e-01
-1.027111380857774314e+00
1.010353472577642187e+00
1.893075020320571511e-01
-1.223597977010227655e+00
1.673097905436555344e+00
1.261453738666950652e+00
4.025976563172037892e-01
7.917358479410183669e-01
-1.919853826424169352e+00
1.404947157852890260e+00
-1.867076155239788537e+00
-1.245427489793262232e+00
-1.696692752291084183e+00
7.412987173366398785e-01
-7.333971122703841772e-02
3.561010534922361970e-01
6.871430693573552517e-01
-1.227559557296546977e+00
1.588964913096612808e+00
-1.597005884569707046e+00
1.745566077511478298e+00
4.680003357400774888e-01
9.708793825833725855e-01
3.669110155267278905e-01
-3.112282254241587331e-01
-1.810550091850850141e+00
-1.623063172517721142e+00
1.246758210601216721e+00
1.095865023248174808e-01
-1.142489545101777360e+00
-4.261985578645219874e-01
6.154195691374511057e-01
6.206924990259716779e-01
1.255053674841375422e+00
-5.007555089926825076e-01
-1.107614347063597293e+00
-1.312016928956317496e+00
1.651082786171857109e+00
9.448804701145472329e-01
3.216696816372328627e-01
-1.007017598255046220e+00
-1.470969058652640271e+00
1.673418997280721854e+00
-3.617139142698189147e-02
-3.007565229530122508e-01
1.332705604579458747e+00
8.371371116178139005e-01
4.211785623037864745e-01
1.894975149092152922e+00
-1.465283141361945596e+00
-1.141310260600072013e+00
1.828280209694619352e-01
1.587583368919856408e+00
-9.212482715790937249e-01
-1.987315565089042835e-01
-1.909502503198509782e+00
1.943018375287937083e+00
5.897845608911245208e-02
-1.214635154600335110e+00
8.043900065769911123e-01
1.213339786083925009e+00
1.666350507873458398e+00
1.010963706389866879e+00
-1.670237962477258975e+00
-1.598945440134209584e+00
-1.346447512595651652e+00
-1.019575913227697139e+00
5.962359070731593214e-01
1.943368581448514654e-01
-1.109370825200719501e-01
-4.699319829975197038e-01
1.587871641618847196e+00
-1.270073055922531502e+00
-6.916431500684567801e-01
1.147014798792918455e+00
1.843721060032358583e+00
1.254695321679045517e+00
-6.168744434552819733e-01
-1.519876354611544578e-01
-1.362712015649651498e+00
1.766603512051676983e+00
1.106758028177400099e+00
8.116671103305508339e-01
-6.763738830998020646e-01
-1.633919402183634517e+00
9.136298563869704736e-02
-3.273950464032022722e-01
-3.730396006987253266e-01
-6.033315835715189479e-01
1.498816245748728182e+00
1.898166886773760442e+00
-1.227490588255299997e+00
-9.950921323971084753e-01
-1.574767075000661265e+00
1.086963655657504191e+00
-4.467036229931720115e-02
-1.691783908468770470e+00
-9.117240893027633852e-01
-5.794694928824548619e-01
1.198787698344891073e+00
-1.094750363438822927e+00
3.262948841894264262e-02
4.456031177663555276e-01
-1.654296836119306668e-01
8.689584983981450961e-01
4.574481672980454938e-01
1.859813138660146858e+00
-7.727897045274318977e-01
1.866024145867544171e+00
-1.660762861812571600e+00
-1.427661849293814900e+00
1.757641541997346124e+00
4.267412079027885774e-01
1.467763157773377625e+00
1.997953819928501851e-01
7.430235739541832807e-01
-2.235791682406800263e-01
2.993207583783537018e-01
1.434241503167680509e+00
8.825343678357810973e-01
-5.474635476111404664e-01
5.834989918057202907e-01
1.037404627376142141e+00
-7.278632332265715377e-01
-3.545515252859723354e-01
1.079139337094964457e+00
4.189059664990031351e-01
-7.494224450216298017e-01
1.908479838021579056e+00
-1.170676680758136801e+00
-1.671023308848651023e+00
-2.363536084585442509e-01
1.390584481516010662e-01
-6.624848382206538489e-01
4.199456883151775344e-01
2.181450089118737168e-01
-1.450261815012221511e+00
-1.178217244604976788e+00
5.348484354325382384e-01
-3.011650142262016772e-01
-1.146413233666632170e+00
-1.359003442374027149e+00
1.680502843728183038e+00
-9.379448814274136126e-01
1.324249108628873906e+00
1.954587580592764606e+00
-1.983012754258585364e+00
-7.358251595999636407e-01
6.615518698132389908e-01
1.278046251982258408e+00
-2.510431105322470380e-01
-9.512208677260458600e-02
1.350297636401402990e-01
-1.269364177430261087e+00
-1.862188862840648884e+00
3.764677071937154729e-01
9.941686286108759596e-01
1.779243789653606189e+00
-7.727471256799756105e-02
-6.755119786773677859e-01
6.151204671656818057e-01
-1.979235753010386567e+00
1.482282806252648300e-01
-1.959830020006323448e+00
-2.558081226272297393e-01
-1.861948621703266582e-01
2.401724177426314277e-01
1.027790178518592779e+00
-1.769605104564400566e+00
2.691424476574195701e-01
1.982672819481066551e+00
5.499802323692430939e-01
-9.839410223826039470e-01
-1.638817180688235453e+00
9.252820635327529963e-01
9.297397013710333447e-01
7.502476942360041257e-01
4.339975198613377216e-02
2.926606113805978460e-01
1.859801020480846390e+00
1.035587012840597065e+00
-1.229469701871862775e+00
7.552046454593583924e-01
1.545481148672030791e+00
-3.197818212227541146e-01
6.248839444814349164e-01
-1.437152441066289477e-01
1.444533509489747569e+00
-2.202135581823547739e-01
7.766818648374136380e-01
5.614772762916864224e-01
-9.166638638140645057e-02
1.685716200132115095e+00
-1.025417026866759507e-01
-1.858285690634480236e+00
-1.606360508693852385e+00
-1.903907209067325912e+00
-1.875905959031213932e+00
-1.720104303184979866e+00
-3.044931826075494286e-01
-1.465406899756141357e+00
-1.174983386331799551e+00
9.345377565526566954e-01
1.680137345081764710e+00
-5.839838208748613368e-01
-8.095054142160318378e-02
-1.830988345201624234e+00
1.416391965060322722e+00
-3.984281921932861792e-01
-1.723947304392384083e+00
-1.148357293827472425e+00
2.387805613898930090e-01
1.210437585013801609e-01
-1.705837347383206026e+00
-1.282294034137585914e+00
-1.510273315353196644e-01
-8.569698084504606683e-01
-1.016268457095097055e+00
4.360902474241497018e-01
-1.626511946626731930e+00
-6.954561731530728430e-01
1.281133951183138109e+00
1.760969920338324002e+00
1.503597966912844086e-01
-1.393075357371813539e-01
1.118554708157558863e+00
1.450966646130326332e+00
3.124664027438734948e-01
-1.149199221304559870e-01
1.945326999411812530e+00
8.483841980040498498e-01
8.960176593430584369e-01
-9.253864481729237035e-01
-6.577044708598953626e-01
-5.553199776005870447e-01
-1.348545015812134817e+00
1.645266572048520004e+00
2.144184477522355081e-01
-9.330016977384212318e-01
-8.457618181854011929e-01
1.444270996970535847e-01
-7.467725253519641448e-01
-1.800948977159633202e-01
1.683876984201372551e+00
-1.799714425708827115e+00
