1.139654757570199628e+00
-1.466328671404221851e+00
1.589374420220424078e+00
1.108843087919011872e+00
1.838782386723218920e+00
3.046452757961524149e-01
1.480952098663180561e+00
-8.006750593205347322e-01
-1.882074192409739055e+00
-1.863584437364999236e+00
-1.475962803980301885e-01
-8.459920541099372748e-01
9.354117627477656072e-01
1.416730309732223247e+00
7.611706935563531395e-01
-8.977734960993837277e-01
-1.127514408334469032e+00
1.435762389446984422e+00
1.953318459004078633e+00
-1.702990978256517351e+00
-6.752392921980030494e-01
-6.047998994293224406e-01
1.501247795055296042e+00
1.798919828719463432e+00
1.204338593035401583e+00
-1.309380961574546198e+00
-8.000864367205466898e-01
-1.741029389203186284e+00
1.995442470909513322e+00
1.617235865468558131e+00
-1.561782922282758168e+00
-8.913002169556798471e-01
-5.009704348349539593e-01
-1.588645887367188259e-01
-1.129081695814444508e-01
-1.435821139054634710e+00
1.406376302828324931e+00
-5.047305578682990124e-01
-1.465750950668232022e-02
-1.872848346432819167e+00
1.809549715140215120e-01
-1.043093176527769117e+00
-1.532591892778822906e+00
1.967528708159154149e-01
1.215957080782784860e+00
-1.164381966660591239e+00
8.777741401054228731e-02
5.538866837066644955e-01
-1.807401403865743106e+00
-4.612073415562569778e-01
5.289417172745172202e-01
1.809015094745224150e+00
-1.391624220083428121e+00
1.582034125457407736e+00
-6.238480566349315914e-01
1.172972251076879857e+00
-1.895862919829550464e+00
1.435649651967148888e+00
5.493319171805826073e-01
1.638278566320422236e+00
-7.996676225999803655e-01
1.730668651756661625e-01
1.961232801386882940e+00
4.674524284241825534e-01
-6.701380715788389786e-01
8.870903202083884054e-01
-2.378311774057291217e-01
-5.543177494471644984e-01
-1.555937754541842022e+00
7.531895383919584575e-01
1.377375350325921399e+00
-1.726717925464676284e+00
-1.763588721289157224e+00
-9.399335666154415847e-01
8.253837809413560045e-01
-1.268853917902625916e+00
1.394449239535969109e+00
-1.437155389706533448e+00
1.344238848657930863e+00
-5.969324153805954936e-01
6.124385953658921800e-01
6.337435887106890320e-02
-6.056765940057466935e-01
9.911746168311492688e-01
-1.196029167949531846e+00
1.718033228197413109e-03
2.463569395971623166e-01
1.911178846843586410e+00
-7.244001251074467795e-01
1.435067055274416692e+00
6.307391616416815339e-01
3.320824101437200859e-01
-8.295822962208236895e-01
-1.316228702451782695e+00
-4.664772924517035513e-01
1.070326999017994218e+00
-1.671319929200021370e+00
-5.846496279528938800e-01
-1.606879470849635005e+00
-2.755736496597620544e-01
1.942895840531181584e+00
-1.082292534647154802e+00
-1.293858631508161494e+00
1.382979574396943967e+00
-1.021655785097906666e+00
1.574157653306161198e+00
-9.632747323724366595e-02
-1.682300787275812670e+00
2.598130180451327931e-01
6.434615681341346871e-01
1.377424423453952773e+00
1.377123989764030387e+00
-1.592353514332174758e+00
1.422996337172407255e+00
-1.723307390611023227e+00
-4.156703304962907630e-01
3.905356905264323331e-02
-1.082513185124186705e+00
6.024669195266025845e-01
1.464360801292239334e+00
-7.079353840476181325e-01
-1.103255072193818354e+00
1.168312739457594063e+00
-1.904009218153419170e+00
1.938024508095155696e+00
-7.960577141176790050e-01
1.821439163305409448e+00
5.346094121043614145e-01
-1.204571864744877097e+00
1.560306220477387651e+00
-7.740931985403110005e-01
1.510377001327225965e+00
-1.260303655677219581e-02
-1.545866098899697505e-01
-8.497514545434152744e-01
-1.060873282969874598e+00
1.337606650132344921e+00
-5.632768831362451323e-01
9.252021017507034983e-01
1.481760943034542866e+00
7.325509752016756693e-02
-1.202405138996427425e-01
2.308797544661360668e-01
-1.826395045172961140e+00
-1.186308577694468624e+00
5.786247475642780635e-01
-1.413318603463586953e-01
1.837626643033393403e+00
9.464520951201205179e-02
-1.372670011121677192e+00
-1.232071429885631897e+00
-2.065801369590731795e-01
1.326959966540933511e+00
-7.604678768921053766e-01
-1.183095803866776485e+00
1.022526118004050133e-01
1.564211465434489856e+00
8.744862463540514774e-01
2.405837929724743418e-01
6.063313828937606509e-01
-1.547500544746106321e+00
1.643903508247220646e+00
5.107631869977100614e-01
8.116559687912467957e-01
4.423221384082411944e-01
-8.711733907918355335e-01
-1.861480619903320033e+00
-8.564374081416241680e-01
-6.853822799990569870e-01
-1.625788361845991403e+00
5.566015104516957024e-01
-1.769393969407482725e+00
-1.424331609791774422e+00
-2.199915648645904831e-01
1.213755104295417997e+00
2.578548016762205464e-01
-1.173955035029072835e+00
-3.020727531351918849e-01
-9.453586128498256969e-01
-5.344338303321851669e-01
-3.999423859009931803e-01
1.755987029097406893e+00
1.245055430254828455e+00
-1.951062464727673529e+00
1.790997338042054299e+00
1.464952306470341803e-01
1.644714277614686804e+00
-1.874989928924776894e+00
-1.575810369574649261e+00
1.874445626626790151e+00
-1.535926805992663180e+00
1.554950627730268931e+00
-1.850708620973120944e+00
1.400617312829744776e+00
1.055513209487410453e+00
-1.817835021180505439e+00
6.239766638726997883e-01
1.529041304860578876e-01
1.275280166234369794e+00
1.375330969477839727e+00
-3.660600230302302194e-01
8.825063507897015214e-01
-5.211902430045629586e-01
-1.241167108031140387e-01
-1.838285136962043431e-01
-1.433349784720276077e+00
1.018021606455963290e+00
1.978106199353181438e+00
-1.283161097344395873e+00
1.726631911056538016e+00
-1.911352619656473628e+00
-1.346174462561365193e+00
1.656748257738568597e+00
-3.611914961598672313e-01
-6.186660233659346808e-01
1.307831109773034406e-01
-1.584262497656866664e+00
-7.834293922321635684e-01
-1.494349383385580321e+00
-6.387493058515221200e-01
-1.514708381146436800e+00
1.382691060948299189e+00
-1.483441626847890493e+00
7.031674284428790500e-01
9.552677590686302622e-01
1.363648517457399123e+00
1.511549119616675707e+00
3.612156051891104447e-01
-1.605283811642912450e+00
6.756549329863648090e-01
1.760050057464094930e+00
-6.924956098072767574e-01
-8.625000457910503293e-01
6.375639142158289197e-01
1.353225026885281679e+00
8.416980830606908270e-01
-7.656255068122814755e-01
-1.559783356341109428e+00
-1.906809587046990551e+00
-2.330863249929215897e-02
1.773731329783959865e+00
1.996108947824270619e+00
-1.734656867633277422e-01
6.386812780254524924e-02
3.749509038526497307e-01
-6.437965423908322826e-01
7.299102626219609036e-01
-1.615506572481268055e+00
1.798339126341273797e+00
1.951771129179299624e+00
6.705697776380561415e-01
-1.422534751098001315e+00
7.813185371014887970e-01
4.998840381031515179e-01
1.040293053891438557e+00
-9.164693759055988487e-01
1.781177359907745394e+00
-1.937605604128196823e+00
1.019864684710434233e-01
2.331594769592495453e-01
1.345061951500423625e+00
-1.545589956147810806e+00
-1.320044359802819756e+00
-1.536337082268075527e-01
1.920359545085826181e+00
1.422963669102219608e+00
1.163519588973604968e-02
-1.090219472865649575e+00
-1.911673089217675425e+00
4.110672632571916729e-01
1.363244399982959099e+00
-9.136478784315360535e-01
1.975071455277650934e+00
1.322935696908524861e-01
3.041416335652411540e-01
-6.400425533488198759e-01
-2.992969222137129570e-01
1.006628625212955708e+00
-5.257423066515909404e-01
-2.944748934723935285e-01
-6.235309430097482064e-01
6.528968243513006975e-01
-2.873137994144192575e-01
-7.147842380404800799e-01
1.532571367711190291e+00
-1.927615963471030813e+00
-3.298157070772096411e-01
1.718106445167691732e+00
-1.709303961839858665e+00
1.467513851234492517e+00
-9.785961607917914584e-01
7.243659492244467479e-01
-7.757597843085006772e-02
-6.663039346465828849e-01
1.532401684966996136e+00
-1.381196957592778496e-01
-5.132415023032033119e-02
-6.496427400323367962e-01
3.135195377258197524e-01
-1.605485737402417179e+00
3.334749938863676988e-01
1.253799299825661517e+00
6.747389780985293406e-01
6.689220373498128147e-01
1.575778741636132629e+00
-6.621634571578511874e-01
2.394276760459885800e-01
-1.421757822083809408e+00
1.578995221209374744e+00
-1.229725118444970455e+00
2.880711763699901340e-01
-1.329617419924105093e-01
-1.919611615659939208e+00
1.908259802395336102e+00
2.947903797112183533e-01
9.842647851418981908e-01
1.850944153663911962e+00
1.977255172246357162e+00
-8.118258957352759708e-01
1.464934801182157909e+00
-1.820677073395945644e+00
-1.838283762338472460e+00
-1.944418490584984394e+00
-1.945979218195219573e+00
7.306797614924813722e-01
-6.492125116045790456e-01
-5.226742918315103736e-01
-1.373641469059628584e+00
-4.330194857528364416e-01
-1.509268026493443937e+00
1.818033482397232170e-01
-1.412791334691418044e+00
1.641109755126933578e+00
3.519986511012072050e-01
9.438157495577845779e-01
-1.687252707204508262e+00
-1.733823684547304289e-01
9.470159259867250157e-01
-1.351693501678322473e+00
-5.690028234358792680e-01
-1.368393476886573978e+00
-9.736928180114610143e-01
1.761345149189161852e+00
-1.696639194959674413e+00
-1.418891154774235552e-01
8.668499739802433268e-01
1.790552871746419417e+00
6.288724953322586408e-01
-2.947089696821230120e-01
-1.977246093850628661e+00
1.233937573072930505e+00
8.603629396360501502e-02
7.530527134906810360e-01
-1.586489131900534755e+00
1.011308700073225264e+00
-9.951801492211771460e-01
-1.408793904127048080e-02
-1.158405240777477641e+00
-8.186695209428007658e-01
-1.630186252212370235e+00
-1.839694787786522845e+00
1.047255932285605873e+00
-1.131445274389171640e+00
-1.176105308146127015e-01
-1.979777234689976684e+00
3.497795540937844727e-01
-1.559850266351523018e+00
-1.931530872549827471e+00
1.077663354153988173e+00
1.068357542305226282e+00
1.115394604235794063e+00
-1.091375700281557393e+00
-1.179171808918626496e+00
-4.803820833511704969e-01
4.474796624765855491e-01
-2.927322069471030019e-01
-2.195649440108198291e-01
-1.725865612470860455e-01
1.230998089673124962e+00
-9.812981626924743850e-02
2.713844037519397290e-03
-9.769734992357834713e-01
1.030031465603657992e-01
-1.272710228593436632e-01
6.983960355860840963e-02
-4.056317758501708504e-01
9.376334740063763107e-02
3.476634706447376821e-01
-1.411957531767058072e+00
7.473254113797906939e-01
1.494472879343067717e+00
1.492022297679235443e+00
-1.906483933040958867e+00
2.953772850394442706e-01
-9.046347957157778730e-01
-1.513334581938750034e+00
9.979917609810451395e-01
8.235887567177950785e-01
1.189062274681969011e+00
1.412144955551252412e+00
-1.937636184957119312e+00
-8.770291122043127885e-02
1.845158864425529455e+00
1.614942145642129123e+00
5.698879651396615564e-01
1.358977269202329197e+00
-1.776864295895801416e+00
-2.906761016287457977e-01
1.359211385915393588e+00
-4.197520166813841769e-01
-8.435809154613416183e-01
-1.668598548973155626e+00
-1.597186940819701029e+00
-1.958969504084092872e+00
5.534442484665458295e-01
-1.974157022390764737e+00
-7.360748236755050300e-01
-1.481873035225869994e+00
1.922135443397388066e+00
1.898400962943701753e+00
-6.676291307065347347e-01
-1.097110184491041807e+00
-9.074096657775649888e-01
-1.729654610538092108e+00
-1.279578172005669590e+00
-8.915905668398158568e-01
1.132674084530998382e+00
1.738705541136459587e+00
-6.585857665919636617e-02
1.951628197181221491e+00
9.586161756382587384e-01
-1.887442738543903875e+00
-1.896584922854080091e+00
-3.919321808611693214e-01
-3.993597216724351640e-01
1.587860534676182489e+00
-1.273953745777120172e+00
-1.337450700736218412e+00
-6.138427278169173995e-01
-1.493983731510135637e+00
-8.311725024044056553e-01
1.978668266497997319e+00
8.847334432535021165e-01
-1.120695901262188876e+00
1.984526429833764816e+00
8.597168684035811914e-01
1.691683179973619389e+00
1.452631666358506823e+00
1.795969488240126921e+00
2.188631712648190231e-01
-7.479964512796870579e-01
-1.345340395266976241e+00
-1.249855265374828051e+00
1.272023840327825006e+00
1.065370977988506773e-01
-6.745854338773553671e-01
-1.831576282744113104e+00
2.142084598989368871e-02
-7.058934639225848962e-01
-1.095132868164114814e+00
9.252785993787733254e-01
-9.810581291739537413e-01
-4.280101695172890963e-01
1.737682710308250833e+00
1.097577811692018734e-01
1.146326617035573037e+00
-5.525797262397924570e-01
1.435421640605931692e+00
3.049981327763635619e-01
1.284725365084264936e+00
-3.239850925951812677e-01
4.085793915171453961e-01
1.239807828155038205e+00
-1.407851360538190377e-01
-1.768438821321675292e+00
-1.449584132785219470e+00
1.126837932852944313e-01
-1.270748544561822513e+00
-1.386242302572834983e+00
-1.735742164674184185e+00
1.572997590950622193e+00
2.798178173468883756e-01
9.847706305618730838e-02
-1.197753877730957317e+00
1.574244883572132103e+00
1.967898904625876355e+00
7.465819998584732886e-02
-1.364349213017036710e+00
-1.732903608443199683e+00
7.773953522559295948e-01
1.012380415043965254e+00
-1.038794858717898784e+00
-1.396215340762613000e+00
-1.427024734984819077e+00
-8.428519043615709805e-01
1.697069405986346702e+00
-1.930534112436630867e+00
1.966031207305867223e+00
1.865944845494643900e+00
2.958256820361886419e-01
