9.589859163312654644e+00
2.335905524359680463e+00
2.000698732837212113e+00
2.248203641337303438e+00
2.788468865079156700e+00
7.512276671934308148e+00
4.228818113453950644e+00
7.252149533023120043e+00
5.218207853368082461e+00
9.258960736732442243e+00
5.569874284120541752e+00
1.874547991953209092e+00
9.983464434995680037e+00
1.805440199128206746e+00
5.453236176161237125e+00
8.096864327436048114e+00
1.043585587569575868e+00
2.159030150891799060e+00
9.523793635511163203e+00
3.350888230330774320e+00
3.659476848921570546e+00
1.151786244930917524e+00
2.452556847562627595e+00
6.887364090615058387e+00
6.076902744379043320e+00
8.743857472943842524e+00
8.646363085516302505e+00
3.224527962681180249e+00
7.164993085804662876e+00
6.411681159179978273e+00
9.778418258518488670e+00
5.509966607313598885e+00
8.484116646995961020e+00
2.551018793926849604e+00
6.093819971054913687e+00
5.293583264259807741e+00
8.057720078445195000e+00
4.279187522935352206e+00
7.110991562318409898e+00
3.537552015601715727e+00
2.047437436525318954e+00
9.485818408150326064e+00
1.315117950263260838e+00
8.693581966564249086e+00
5.179129589793003419e+00
4.356129278274399219e+00
2.113561205950126975e+00
2.469758437034074827e+00
1.468663304464187913e+00
6.685074177781368476e+00
3.943213861220978167e+00
5.731373227876870757e+00
3.078850899155249010e+00
3.966758517275570384e+00
3.003797165872065467e+00
5.759249264575448279e+00
5.111656328593724652e+00
4.009189339308665723e+00
4.041190890963093807e+00
8.167665773715420130e+00
1.246618126882657718e+00
1.897113820409115803e+00
8.210120270369765549e+00
8.562202119639156450e+00
4.316590737004136535e+00
3.625284943640930013e+00
9.465431432503002895e+00
4.147241859770243622e+00
6.234761541963548481e+00
7.816720071291652694e+00
9.869627514275231661e+00
2.024238096106025786e+00
2.850146647886769635e+00
3.955387771359235138e+00
7.346217486408273878e+00
2.356187904391177312e+00
5.186385437671228615e+00
5.993265242611744981e+00
9.153640535880834150e+00
8.230359979444180851e+00
3.673862759404590950e+00
9.689943400580087740e+00
4.852483471731258824e+00
5.204229273138325063e+00
8.313424457035868187e+00
7.034035339482759497e+00
1.050973928466090612e+00
4.856885741684366486e+00
5.812878145819959208e+00
2.252654474455781930e+00
2.118375016126371690e+00
3.781636691597314748e+00
8.177375385961703103e+00
8.805830337249737738e+00
3.797975394114748493e+00
9.331420369876425980e+00
7.197648766247537466e+00
3.838242437962753328e+00
8.585068011740570881e+00
6.097223824243863000e+00
3.882267890799319332e+00
7.498969477234457948e+00
4.959147693674400337e+00
6.594329417654307690e+00
5.583411860143017158e+00
4.009819946660956091e+00
5.753488861322184178e+00
2.180508581655641986e+00
2.568286532961703728e+00
5.871722638614048861e+00
5.371642161290451689e+00
1.191513480814891945e+00
7.134897949125269534e+00
2.792869147378887362e+00
2.398087477589675665e+00
7.735450318136451564e+00
1.340039695344591664e+00
4.806676519932267411e+00
3.308833929502564164e+00
9.376515254179553338e+00
5.923397376911681889e+00
4.726532274246423526e+00
8.040523033124511443e+00
6.702773424094266908e+00
3.571016506707640481e+00
6.475306784183532116e+00
4.329404717793700286e+00
5.389256398762483080e+00
9.656923281485740418e+00
8.338737560246858749e+00
9.488024621156968763e+00
4.290444712539462024e+00
3.188288554258528862e+00
7.793917095772420645e+00
6.969358747301814816e+00
5.960622487887388132e+00
2.241308714524795409e+00
7.670686986313334010e+00
8.006755760397627597e+00
3.261920117816401898e+00
7.498930591939449108e+00
7.400602901404578660e+00
3.135813420910499971e+00
4.994828595281818551e+00
7.107341379393244729e+00
7.260510438379931486e+00
8.656625231273322285e+00
4.070725251516343235e+00
4.233653176389331030e+00
1.988183117344391571e+00
3.596222894625034527e+00
6.061616394971261812e+00
6.153285527879457817e+00
3.987744403606139798e+00
3.715564868206720384e+00
5.806525367033888330e+00
8.484788855252965334e+00
9.929904667485768499e+00
2.953436220041777194e+00
1.446343607331632697e+00
3.890604114091843257e+00
7.557437902652516470e+00
3.986320121983679687e+00
2.556563869968477398e+00
9.669602005389416277e+00
1.719850447333729715e+00
5.860923094148745349e+00
6.871914818439707417e+00
6.050206311760444322e+00
3.949958820680568028e+00
3.787875993954054721e+00
1.225938401786651699e+00
2.545403180592980430e+00
3.516150807282033330e+00
4.709724939161462842e+00
8.861332385912357168e+00
4.357083783741442673e+00
7.778888613557833231e+00
7.952051014287605746e+00
6.453265131257088782e+00
6.926446328546508546e+00
6.686164373741257272e+00
3.521088150329373612e+00
9.444558732408458113e+00
8.422840443553845091e+00
6.160748234685468283e+00
4.843884961439765213e+00
5.969704351917990870e+00
5.082565189917747972e+00
3.768711186965547633e+00
1.747520456902918573e+00
1.941753256713995013e+00
4.759834060083012908e+00
2.280427294380082071e+00
7.349308826023970731e+00
9.001001736507769024e+00
9.480720771970165828e+00
5.455659579407797111e+00
6.982843552423963374e+00
4.627761712505578551e+00
1.215663085862686454e+00
4.517457867866916388e+00
6.081673197029178191e+00
7.728205363025931973e+00
1.396927004577167786e+00
8.059559183783949976e+00
7.301426219729324707e+00
1.784777602853880651e+00
4.918155156302288944e+00
7.377858679405671083e+00
1.867636359384709399e+00
7.153744951760376836e+00
5.499878048902036909e+00
3.892111812525398840e+00
9.233178493168724188e+00
6.153907428455230644e+00
1.539397013644830281e+00
4.147793263012756526e+00
3.810616806927011879e+00
3.741682479062302225e+00
5.437513831426748823e+00
8.526796185974946596e+00
7.695536164824633651e+00
9.422717277602282948e+00
1.384103242926663535e+00
2.026490139228086296e+00
7.756404051059919702e+00
1.354616079852686283e+00
9.782831458383165923e+00
3.044604112706659649e+00
5.346818425605781577e+00
4.705881403678479735e+00
8.054179861443220290e+00
6.286956178563658959e+00
9.055591257361284008e+00
4.804097929020556990e+00
5.957595898139634194e+00
9.712665286538737064e+00
6.553618205298232802e+00
9.203952610096678200e+00
2.607563305149495747e+00
1.395424502156596080e+00
4.633596116288247302e+00
4.188984817718743869e+00
3.056018845052735244e+00
6.732248431506492992e+00
2.862720589907347790e+00
2.895972937258607161e+00
3.260856646057505692e+00
8.978431048924953473e+00
2.270227245171005492e+00
1.727087613491287588e+00
1.514489548521030127e+00
8.320179093358053279e+00
4.685045901873077234e+00
5.310234685374854990e+00
8.057249126446286880e+00
1.994949891501249351e+00
2.160485534945695285e+00
1.769652865692657340e+00
8.310957528565095842e+00
4.752808238883456937e+00
2.349204164463642108e+00
5.162182430269810496e+00
5.346806740847833694e+00
3.992337334418226913e+00
2.315467764143815721e+00
4.786738232301722462e+00
2.461797555768622026e+00
9.516734630036255638e+00
4.651802273202431337e+00
5.389097628598678469e+00
5.148362572256504066e+00
7.041075140956265521e+00
6.610025664568603077e+00
4.929911287006241594e+00
7.496458874049441334e+00
7.114942266904489721e+00
3.333229336866345704e+00
5.257934877169208043e+00
3.262775547845131019e+00
7.788646095531941427e+00
8.664817337151305310e+00
6.339819534502457721e+00
8.618106374535685177e+00
1.804083455446523931e+00
2.268050887506312563e+00
5.647135383980115719e+00
3.189627649284379807e+00
1.086099146423598061e+00
7.153183134637934870e+00
3.654981809502155343e+00
6.138689589865224505e+00
5.866047147289624952e+00
1.923472216540997426e+00
8.059313284429951096e+00
9.904866880978087096e+00
7.617988589645528386e+00
6.521216284688639675e+00
7.107045103495062577e+00
4.510584386466844009e+00
8.480055379526334036e+00
2.904409879559119112e+00
6.439861747157865857e+00
8.729782740595121382e+00
7.559307898305037021e+00
9.900098151434349347e+00
5.590297116422040524e+00
1.665889098606996743e+00
8.968041760783389549e+00
7.230354789216652200e+00
7.575917271453524116e+00
5.042683474474227268e+00
2.903462040247180909e+00
5.826551044991831851e+00
2.043455015022626498e+00
7.010085555216092779e+00
9.670339560689823699e+00
3.990671167146444542e+00
2.548244639836041436e+00
6.169511883653001405e+00
7.473986981852784872e+00
5.898510743442548332e+00
5.837015102681132994e+00
3.849561033060814097e+00
9.450456114785843909e+00
7.483181705877194112e+00
1.763949583353367601e+00
6.487870848253012745e+00
4.810163722701338074e+00
5.369701211142819730e+00
6.386082668889221381e+00
9.499451188904819432e+00
5.774590812652736105e+00
5.794507638768514823e+00
7.923124764130062836e+00
2.621427967569944784e+00
9.344054875305344510e+00
4.899553851792407322e+00
3.694547709644091960e+00
3.337798206694546632e+00
2.216088410956861043e+00
1.812230457988741161e+00
8.449783099016817900e+00
7.882444246206443239e+00
4.787408256539087859e+00
8.760948010871992153e+00
1.825537225066350633e+00
4.522946995201911236e+00
8.172411327652039148e+00
4.667816302287684849e+00
3.849519513265877713e+00
7.370431359837578356e+00
7.864130555348590512e+00
3.263887606259367580e+00
5.615645963352081438e+00
7.042911443177963804e+00
6.699181977712609815e+00
5.803971629128278131e+00
3.159935626450307122e+00
2.149456193526782855e+00
1.370816581367833020e+00
1.149300163202827019e+00
1.488180024297886428e+00
3.344264840487344070e+00
9.493137306755462745e+00
5.991962768650261673e+00
9.156759890053944417e+00
5.786768191875823142e+00
7.393973846451784127e+00
9.858041539331109604e+00
2.963151021010162811e+00
5.414693013231118179e+00
4.058633119198297834e+00
7.157387029363622588e+00
8.425309117440589191e+00
6.012989954889858879e+00
9.435842226727764626e+00
8.365961033350410858e+00
9.820929129719765172e+00
7.160770635148557162e+00
2.852433399638341083e+00
9.468429540370561170e+00
7.373121732101924231e+00
9.780725361259161588e+00
3.130310943888820141e+00
7.690566960615859315e+00
4.753056794739295654e+00
1.800739981321815009e+00
9.850889663505217442e+00
9.706041527748366704e+00
3.737874226080787121e+00
6.500428630357901305e+00
6.173241013661234788e+00
3.229899207583049048e+00
1.972983315309239316e+00
3.483380411635961238e+00
8.905616931537826630e+00
5.392617303694196451e+00
9.369627190352613155e+00
