1.654078787671929618e+00
1.959775066949701383e+00
6.493125365124376991e+00
8.265143333339278087e+00
5.146337707219916346e+00
9.833852991118586573e+00
2.944313069224207435e+00
9.115674067727542962e+00
4.089964519995001879e+00
9.913527376853567219e+00
5.763814654542540161e+00
2.293795387030619359e+00
2.733296226230679249e+00
5.656912880151962142e+00
1.329003514303605193e+00
7.133268800248178110e+00
9.220153546018295287e+00
3.440281178935296946e+00
2.431934151658026622e+00
5.067240497166652702e+00
5.317526794378943045e+00
9.703918247410941333e+00
5.338342227559946807e+00
1.313425153481535546e+00
4.889400472019354460e+00
9.493727377647186216e+00
7.624469921268929085e+00
4.787712365938654457e+00
1.005297382307676735e+00
1.155217870595647955e+00
9.429772963219027915e+00
7.324405348308910213e+00
3.283800218817520822e+00
4.563551624696273734e+00
4.405241327520096561e+00
5.934832059718570640e+00
3.848847257941229394e+00
6.340758602750191208e+00
8.463805498058789567e+00
4.573240570032419683e+00
6.765376217583510154e+00
8.550287453448438768e+00
8.919906929278120344e+00
7.640718773723534696e+00
4.799792330224899928e+00
2.702627417563862267e+00
6.607300322046747887e+00
9.550672686321812321e+00
2.524414114607209658e+00
2.946056555450214720e+00
9.031478238845323858e+00
7.240600370208757575e+00
4.720257054436899580e+00
4.114466611048213096e+00
8.383664324882406760e+00
8.118531382819618614e+00
8.890187522119303409e+00
9.374913925742941245e+00
6.998946170679989365e+00
6.524560095792665493e+00
7.571188287352358159e+00
9.196555460617197753e+00
9.386548733734512595e+00
2.011603780237430694e+00
8.122769740785894754e+00
5.519877534525025276e+00
2.794577063851837462e+00
8.400958894648709929e+00
6.725543904425137498e+00
2.387342462462358039e+00
3.011071403963165416e+00
3.564766517051566108e+00
4.878632514656825236e+00
7.532783202458452898e+00
2.824423394402592713e+00
5.733546201534674758e+00
6.151665370101799368e+00
1.061109962330649026e+00
1.495837754293966704e+00
9.442860662695194307e+00
9.023129142834571681e+00
9.870004450262118922e+00
6.342653545660669856e+00
1.821683750991985207e+00
8.522122712555724178e+00
6.668727044230490897e+00
8.674695676040672154e+00
2.048204093669240944e+00
9.048253194617629447e+00
4.262001617284659538e+00
9.436932465623884880e+00
7.200610578786587723e+00
1.324297920069773316e+00
5.970850878560552744e+00
3.577013299035623817e+00
5.499561625512079388e+00
6.214546035756217002e+00
6.904127280980152825e+00
5.303619139783093850e+00
3.973752801550738845e+00
8.304792562406934309e+00
7.090353018406164054e+00
7.714883133499254697e+00
5.884439099333964585e+00
3.971646430551818430e+00
3.541621256239713134e+00
8.186701116542906220e+00
7.915576029580331685e+00
9.569027449801886576e+00
8.963534915805816183e+00
9.778397239026443089e+00
3.835342016761205564e+00
8.311199990805985038e+00
7.922799476203408631e+00
1.353322693610233385e+00
1.099685270540049942e+00
8.061238911979845767e+00
1.005100124035966047e+00
9.866279311497208937e+00
6.668540576682650212e+00
4.970760387650592804e+00
2.239302671626835384e+00
8.595612808826295748e+00
4.151021165688019821e+00
1.967776585553677515e+00
6.793706039375786432e+00
3.295587301990986706e+00
4.388775868534536606e+00
8.906198165281661971e+00
3.069487157111398190e+00
9.615220566182214768e+00
6.583251535163217483e+00
7.286303262505072098e+00
1.855143980762509415e+00
2.485937255517625122e+00
4.729627796596417966e+00
6.057038841085630843e+00
1.946852781041039426e+00
1.206963264436696992e+00
7.683613594724707951e+00
7.283214475241381436e+00
3.756413148863490203e+00
6.706364078563955111e+00
4.898602428892713689e+00
9.051714043100943741e+00
3.106488409624166280e+00
4.183587813046631965e+00
8.868035746507338501e+00
7.503799720014066921e+00
7.684539030024076567e+00
6.819252365520322989e+00
4.133576118561381740e+00
4.859581547405643853e+00
3.991788582696386811e+00
5.518140754897604694e+00
5.787029514511155881e+00
7.754045983768466321e+00
2.263661316040990190e+00
4.896012378639026608e+00
3.420223096243053096e+00
1.860756081755457814e+00
5.787732506973638280e+00
5.242527434032839828e+00
8.997736759163490916e+00
8.580740461087502879e+00
4.764836932355395405e+00
4.127923855186116597e+00
9.659838741326293388e+00
7.926323780970752964e+00
9.653248721425990553e+00
5.257370658628709670e+00
5.188111994428390439e+00
7.772398117585845867e+00
4.177036993400323972e+00
8.049188557125393828e+00
3.261075963224286056e+00
5.500656150955536283e+00
4.440546848134817814e+00
9.199016704174747261e+00
5.497450171123333007e+00
2.050045397586897078e+00
7.136063907403810802e+00
9.269129141548601680e+00
2.314196456066326846e+00
6.693893118195225256e+00
4.905361651081340923e+00
2.782207718261363816e+00
3.036978285236422437e+00
5.748248397503005869e+00
1.988504798966272524e+00
5.852476413420645507e+00
3.908101364203151462e+00
6.691595500934046648e+00
3.628880701962020616e+00
1.983902357963423402e+00
2.919515442718161324e+00
8.549263141587527315e+00
4.908627237416130384e+00
2.752411701160884849e+00
9.836894423421330913e+00
9.154526136746692799e+00
5.756093434849111290e+00
7.098487573951697271e+00
7.447842441419370019e+00
3.884675929352969792e+00
3.219316483551030839e+00
7.130479367614773523e+00
7.399636749642635181e+00
3.836892075355945231e+00
8.674309622875870929e+00
7.209353268585569907e+00
4.379239785329094303e+00
7.093202904383448804e+00
2.918734258680665050e+00
8.134120781205322004e+00
6.965694382226216952e+00
8.578084671549564888e+00
7.678647237499347078e+00
4.579608784473296446e+00
5.272274149734010429e+00
8.209553384439566059e+00
8.247887352775055803e+00
7.629025781176026477e+00
4.779015899334389417e+00
3.221165679439121909e+00
7.677288364133655563e+00
7.205503455196264007e+00
6.119266634945684125e+00
9.748419853145142255e+00
2.688303964140249303e+00
5.688973085250850659e+00
1.676147260489467605e+00
7.642833232274622191e+00
8.031034922318875502e+00
3.649386765367952368e+00
6.766017292092238122e+00
3.552505717170908017e+00
8.687545564726368852e+00
9.995119711079283320e+00
3.864974282737204891e+00
3.505708512475703031e+00
1.684962508286520499e+00
9.489436996084315012e+00
7.467377737199341503e+00
9.760295915434424430e+00
7.830940324031193889e+00
4.359833605216497432e+00
8.875153293638501140e+00
5.955861491073084046e+00
8.182882860966556038e+00
6.193408020752733556e+00
6.933251740588493028e+00
1.766148770719576877e+00
9.860162902336471191e+00
9.742325324480384907e+00
9.289236306254265330e+00
1.389736407173789878e+00
5.017886512900306073e+00
8.383578650164604795e+00
9.382675337277703420e+00
9.630754248482729096e+00
2.613293866978646740e+00
5.495340075893857978e+00
5.846284573002548335e+00
5.714921334471253722e+00
9.195517469269667288e+00
7.900998837782967854e+00
8.158103126421700324e+00
9.536725624830165060e+00
4.535138459567559011e+00
5.467057849353025745e+00
1.977474916364025503e+00
4.316051782578529838e+00
1.641017802410879245e+00
2.139917953700293030e+00
7.954830213569337616e+00
8.254048583782974902e+00
7.777460082126475882e+00
8.780331910584827426e+00
2.901524355339754280e+00
4.286915436198786011e+00
3.005133766511072668e+00
8.145254178863284622e+00
1.158451436300782067e+00
2.286484719493325990e+00
3.956820987174427540e+00
4.699319089136201555e+00
6.794963491757471274e+00
4.364595133743780941e+00
9.953602828294400240e+00
4.751216876890558716e+00
8.541385918682443901e+00
1.765629939659920877e+00
6.942657756311121808e+00
3.049036119138505363e+00
5.637967569812795787e+00
4.761143531653461380e+00
9.899809542673448703e+00
4.201672582273805467e+00
4.401952211284763550e+00
1.098485844126131816e+00
1.568564957299313889e+00
1.603318850992403455e+00
3.039231268355204740e+00
4.099805371042783086e+00
5.018078903420239989e+00
3.593029349483239709e+00
4.117874808433365175e+00
9.510413943535512615e+00
2.671288146346906700e+00
1.362000822414977552e+00
3.741880982409454770e+00
5.325809662172600767e+00
7.308910103423352567e+00
5.817252254478530560e+00
7.371208177446435528e+00
5.195681992459292076e+00
9.556231793155150811e+00
8.090023486912063078e+00
9.454805535205297318e+00
2.727683559619427545e+00
2.977940816100971944e+00
9.200819874464324144e+00
7.874505535428687253e+00
1.216820977247133673e+00
9.517629059364965727e+00
6.736482112911450493e+00
2.312645961099808911e+00
7.117656564298858513e+00
6.419895052339019692e+00
1.647315382857975408e+00
1.994866719823437329e+00
1.876719183825267478e+00
6.621992008066433399e+00
6.133229438897335406e+00
4.770472544785986813e+00
5.531818549810999741e+00
8.611385969776666371e+00
8.905334898019017231e+00
5.876003286213922649e+00
7.411481832274456671e+00
5.789820552778248697e+00
4.482700535568558742e+00
7.532673495158349830e+00
8.293801044188278127e+00
7.103970634596448619e+00
4.064805837071547856e+00
4.531406959356283792e+00
8.610437175365060369e+00
3.279439024892082610e+00
5.063298075687223232e+00
9.341301142079528219e+00
6.976148070976123883e+00
7.852721315581267625e+00
3.842036930127998851e+00
8.111050720289313176e+00
9.491875785779290808e+00
9.100598303460998295e+00
8.579633814878194542e+00
9.396229528729994840e+00
6.498396663496446735e+00
8.167241832228272713e+00
2.567464603127586287e+00
8.858502520496308819e+00
5.855523352629559142e+00
9.128891195320564478e+00
1.486674128841581455e+00
8.012719030495176753e+00
4.533619835360461536e+00
4.819257807804010696e+00
3.654650132449186906e+00
2.915803127078264279e+00
5.796856088610502944e+00
9.556135171013540486e+00
2.818024605187379183e+00
4.223788187168379338e+00
8.144720650263959527e+00
9.757874731223482812e+00
3.742504335022829753e+00
7.566158425946115429e+00
5.757862989199892922e+00
7.724682783890498783e+00
6.967266398033343577e+00
2.750451855906677068e+00
8.300911034416216694e+00
7.254889243092461193e+00
8.894296789984384333e+00
5.966363336992738020e+00
8.971913523317340378e+00
7.910578378044394121e+00
6.404593978554625977e+00
1.398645937267737116e+00
9.657829975189278215e+00
8.410923964546110909e+00
6.141088021597084001e+00
6.769160375658401563e+00
3.810581907347610375e+00
4.133964214433495599e+00
5.433157627303479842e+00
9.711905575229220489e+00
